  1  H1'   1   H8  2.46  3.00  0.00    
  1  H1'   2  H4'  3.82  4.00  0.00    
  1  H1'   2 1H5'  2.43  4.00  0.00    
  1  H1'   2 1H5'  2.43  4.00  0.00    
  1  H1'   2   H8  4.06  5.00  0.00    
  1 2H2'   1   H8  3.71  5.00  0.00    
  1 2H2'   2 1H5'  3.05  5.00  0.00    
  1 2H2'   2 1H5'  3.05  4.00  0.00    
  1 2H2'   2   H8  2.21  4.00  0.00    
  1 2H2'   1   H8  3.71  5.00  0.00    
  1  H3'   2   H8  4.67  5.00  0.00    
  1  H4'   1   H8  5.18  5.00  0.18   
  1   H8   2  H1'  3.27  5.00  0.00    
  1   H8   2  H4'  3.57  5.00  0.00    
  1   H8   2 1H5'  3.72  5.00  0.00    
  1   H8   2 1H5'  3.72  5.00  0.00    
  2  H1'   2   H8  3.88  5.00  0.00    
  2  H1'   3   H6  5.42  5.00  0.42   
  2  H1'   3   C7  4.84  4.50  0.34   
  2  H1'   6   C7  8.14  5.50  2.64 
  2 1H2'   2   H8  2.70  3.00  0.00    
  2  H3'   2   H8  4.76  6.00  0.00    
  2  H3'   3   C7  5.78  6.50  0.00    
  2  H4'   3 1H5'  3.17  4.00  0.00    
  2  H4'   3   H6  3.90  5.00  0.00    
  2  H4'   3   C7  3.00  6.50  0.00    
  2 1H5'   1 2H2'  3.05  5.00  0.00    
  2 1H5'   1 2H2'  3.05  5.00  0.00    
  3  H1'   3   H6  3.73  5.00  0.00    
  3  H1'   4   H8  6.21  5.00  1.21 
  3 1H2'   3   H6  2.36  4.00  0.00    
  3  H3'   3   H6  2.25  6.00  0.00    
  3  H3'   4   H8  2.37  5.00  0.00    
  3  H4'   3   H6  4.29  5.00  0.00    
  3  H4'   4 1H2'  5.04  5.00  0.04   
  3  H4'   4   H8  3.68  3.00  0.68 
  3 1H5'   3   H6  2.21  5.00  0.00    
  3 2H5'   4   H8  2.58  5.00  0.00    
  3 1H5'   3   H6  2.21  4.00  0.00    
  3 2H5'   4   H8  2.58  5.00  0.00    
  3   C7   2   H8  7.27  6.50  0.77 
  3   C7   5  H1'  9.86  5.50  4.36 
  3   C7   6  H3' 14.51  6.50  8.01 
  3   C7   6  H4' 12.30  6.50  5.80 
  4  H1'   4   H8  3.88  5.00  0.00    
  4  H1'   5 1H5'  2.19  3.00  0.00    
  4 1H2'   4   H8  2.16  3.00  0.00    
  4 2H2'   5 1H5'  2.95  5.00  0.00    
  4 2H2'   5 1H5'  2.95  4.00  0.00    
  4  H3'   4   H8  4.23  5.00  0.00    
  4 2H5'   4   H8  3.73  5.00  0.00    
  4 2H5'   4   H8  3.73  4.00  0.00    
  5  H1'   5   H8  3.82  5.00  0.00    
  5  H1'   6   H6  3.06  5.00  0.00    
  5  H1'   6   C7  3.57  5.50  0.00    
  5 1H2'   5   H8  2.10  3.00  0.00    
  5 1H2'   5   H8  2.10  4.00  0.00    
  5  H3'   5   H8  4.35  5.00  0.00    
  5  H4'   4  H1'  3.42  5.00  0.00    
  5  H4'   5   H8  5.26  5.00  0.26   
  5  H4'   6 2H5'  3.91  5.00  0.00    
  5  H4'   6   H6  5.57  5.00  0.57 
  5  H4'   6   C7  6.64  6.50  0.14   
  5 1H5'   5   H8  4.40  5.00  0.00    
  6  H1'   6   H6  3.75  4.00  0.00    
  6 1H2'   6   H6  2.15  3.00  0.00    
  6  H3'   5  H1'  6.36  5.00  1.36 
  6  H3'   5 2H2'  5.83  5.00  0.83 
  6  H3'   6   H6  4.27  5.00  0.00    
  6 2H5'   6   H6  4.29  5.00  0.00    
  6   C7   2   H8 10.23  6.50  3.73 
  6   C7   5   H8  4.16  6.50  0.00    
  6   C7   5   H8  4.16  6.50  0.00    
  1 2H2'   4   H1  5.32  5.00  0.32   
  1  H4'   4   H1  7.31  6.50  0.81 
  1   H8   4   H1  2.19  3.50  0.00    
  1   H8   5  H21  5.20  3.50  1.70 
  1   H8   5  H22  4.78  3.50  1.28 
  2  H1'   5  H21  2.12  3.50  0.00    
  2 2H2'   5  H21  2.39  6.50  0.00    
  2  H4'   4   H1  4.72  5.00  0.00    
  2  H4'   5  H21  3.34  5.00  0.00    
  2 1H5'   4   H1  5.47  5.00  0.47   
  2 2H5'   5  H21  4.83  6.50  0.00    
  2 1H5'   4   H1  5.47  3.50  1.97 
  2 2H5'   5  H21  4.83  5.00  0.00    
  2  H21   5  H1'  2.37  3.50  0.00    
  3  H4'   5   H1  3.59  5.00  0.00    
  3 2H5'   5   H1  1.96  5.00  0.02   
  3 2H5'   5   H1  1.96  5.00  0.00    
  3 2H5'   5  H21  2.80  5.00  0.00    
  3   H6   5   H1  5.31  5.00  0.31   
  3   H6   5  H21  5.13  5.00  0.13   
  3   C7   5   H1  6.69  7.00  0.00    
  3   C7   5  H21  5.59  5.50  0.09   
  4 1H2'   5   H1  4.92  5.00  0.00    
  4   H8   5   H1  3.97  3.50  0.47   
  4   H1   2  H1'  3.47  6.50  0.00    
  4   H1   2  H21  4.26  5.00  0.00    
  4   H1   5   H1  6.82  6.50  0.32   
  4   H1   5  H21  5.02  5.00  0.02   
  4   H1   5  H22  4.01  5.00  0.00    
  5 2H2'   2  H21  4.37  5.00  0.00    
  5  H4'   2  H21  3.92  3.50  0.42   
  5   H1   2  H1'  4.31  6.50  0.00    
